-0.12871339917182922
0.14187565445899963
0.1022542417049408
-0.006260552443563938
-0.01690956950187683
-0.04608144611120224
-0.034966208040714264
-0.033307917416095734
0.18930581212043762
-0.08822401612997055
0.12754946947097778
0.02713734842836857
-0.14232797920703888
-0.029844412580132484
-0.08293546736240387
0.11776787042617798
-0.11901062726974487
-0.18491093814373016
-0.09277525544166565
-0.12533710896968842
0.0311707966029644
0.03609972447156906
-0.029899807646870613
0.05331786349415779
-0.13311828672885895
-0.3232623040676117
-0.04813491925597191
-0.15278422832489014
0.006668547168374062
-0.08458761125802994
0.02062421292066574
0.007080127485096455
-0.12677404284477234
-0.02621818520128727
0.016993936151266098
0.05187831073999405
0.02323903702199459
0.01287162210792303
0.1926487684249878
-0.02832593396306038
-0.11433856189250946
-0.005762187764048576
0.09128966927528381
0.34478938579559326
0.22495636343955994
0.07513990253210068
-0.01666627824306488
-0.02167593315243721
0.15576747059822083
-0.2050323486328125
0.08402416110038757
0.11951981484889984
0.06626688688993454
0.1229819506406784
0.1442016363143921
-0.08842633664608002
0.034495674073696136
0.02121671847999096
-0.1555555909872055
0.047376569360494614
0.0032259533181786537
-0.02478747069835663
-0.06758540868759155
-0.028674455359578133
0.20260733366012573
0.07209278643131256
-0.10293035209178925
-0.09102968871593475
0.08883954584598541
-0.24684631824493408
-0.041285354644060135
0.0247380081564188
-0.09449291229248047
-0.06366616487503052
-0.2679252028465271
0.010992258787155151
0.4490887224674225
0.16569174826145172
-0.1682017296552658
0.03894389420747757
-0.023994997143745422
-0.042587049305438995
0.11291580647230148
0.0186860803514719
-0.13936015963554382
0.003664996474981308
-0.06282008439302444
0.03173115849494934
0.19994233548641205
0.07957394421100616
-0.08865883201360703
0.11314063519239426
-0.00753430463373661
-0.013006681576371193
0.037043794989585876
0.026174072176218033
-0.09454909712076187
-0.04027925431728363
-0.13992668688297272
-0.04164152592420578
0.025572016835212708
-0.00496134627610445
-0.029869139194488525
0.06463506072759628
-0.17415893077850342
0.12319841235876083
0.021716540679335594
0.030619997531175613
-0.024362942203879356
0.15629734098911285
-0.18877172470092773
-0.055593181401491165
0.1576129049062729
-0.15140309929847717
0.15659040212631226
0.13347207009792328
-0.020472053438425064
0.09763264656066895
0.05731033533811569
0.041892923414707184
-0.041212502866983414
0.025895485654473305
-0.07192409038543701
-0.1046152412891388
0.03520003706216812
-0.002214241772890091
0.13436134159564972
0.020229361951351166
