-0.05869160592556
0.06664030998945236
0.08196631819009781
-0.042682014405727386
-0.03907641023397446
0.02452082931995392
-0.023734232410788536
-0.06272463500499725
0.17970049381256104
-0.18361106514930725
0.2357741892337799
-0.05275946483016014
-0.1562487632036209
0.03551570326089859
-0.02078554779291153
0.15303021669387817
-0.14903558790683746
-0.15608248114585876
-0.06357745826244354
-0.016223818063735962
0.0015564828645437956
-0.014694368466734886
-0.0911896824836731
0.08218902349472046
-0.17813211679458618
-0.3541752099990845
-0.04514029994606972
-0.10931652039289474
0.03623370826244354
-0.08025901019573212
0.002355332486331463
0.08231082558631897
-0.13472795486450195
0.07282812893390656
0.00664173811674118
0.09386610984802246
-0.045561037957668304
-0.033308811485767365
0.20625469088554382
0.009481004439294338
-0.1763628125190735
0.010011734440922737
0.037134863436222076
0.24091224372386932
0.1834498792886734
0.012702897191047668
0.04789141193032265
-0.12726958096027374
0.1180361956357956
-0.2720351815223694
0.017053937539458275
0.10487799346446991
0.11707494407892227
0.11993981152772903
0.0668490082025528
-0.13559794425964355
0.02542046085000038
0.05165134370326996
-0.19139985740184784
0.0645347312092781
-9.852461516857147e-06
-0.04161320626735687
-0.029607925564050674
0.0030358675867319107
0.27252650260925293
0.10734328627586365
-0.13440446555614471
-0.06060440093278885
0.1908745914697647
-0.1949474811553955
-0.04741703346371651
0.026680203154683113
-0.05104999244213104
-0.17932242155075073
-0.236016646027565
0.04169751703739166
0.3881131112575531
0.15925903618335724
-0.23129238188266754
0.061840299516916275
-0.024350905790925026
-0.06294622272253036
0.0841771587729454
0.11365731060504913
-0.11565335094928741
-0.05537860095500946
-0.04171300679445267
0.0440652072429657
0.2447667121887207
0.008880688808858395
0.05266592279076576
0.18213191628456116
0.00034669041633605957
-0.004873446188867092
0.029590994119644165
0.027773210778832436
-0.12894673645496368
-0.034624528139829636
-0.12224750965833664
-0.07853066921234131
0.02546299621462822
0.013739445246756077
0.00013668974861502647
0.1410093903541565
-0.221340611577034
0.21485036611557007
-0.043976567685604095
-0.08195877075195312
0.07877017557621002
0.09632696211338043
-0.06513205170631409
-0.07998563349246979
0.14900723099708557
-0.20135106146335602
0.10263202339410782
0.11218014359474182
0.021766966208815575
0.13444817066192627
0.0687589943408966
0.09149307757616043
-0.00848413072526455
0.00874821376055479
-0.18180108070373535
-0.034911736845970154
0.05780184268951416
-0.04287176951766014
0.02433415874838829
-0.025403043255209923
