-0.10045715421438217
0.1137356236577034
0.09374549984931946
0.003940114285796881
-0.025224415585398674
-0.002691057976335287
0.009565640240907669
-0.07807108014822006
0.13585981726646423
-0.10453583300113678
0.2208632081747055
-0.04253382980823517
-0.1660749465227127
-0.07018744200468063
0.007949461229145527
0.16603995859622955
-0.21509665250778198
-0.11293144524097443
-0.043975092470645905
0.004776913672685623
0.0943932756781578
-0.04699523746967316
-0.0037050305400043726
0.047973792999982834
-0.11600391566753387
-0.3282548487186432
-0.07729548960924149
-0.09425778687000275
0.12437723577022552
-0.023286402225494385
-0.05281347781419754
-0.05598781257867813
-0.18913622200489044
0.010999400168657303
-0.06261751800775528
-0.0049187857657670975
-0.0001713247038424015
-0.02681884728372097
0.16830730438232422
0.025176923722028732
-0.2309543937444687
0.03485128656029701
0.005558401346206665
0.19730541110038757
0.17112445831298828
0.10756579041481018
0.053351446986198425
-0.12193320691585541
0.04292048141360283
-0.16232788562774658
0.05421401560306549
0.12153332680463791
0.09543539583683014
0.06527689099311829
0.04016261175274849
-0.2198227047920227
0.008718185126781464
0.01523609459400177
-0.11418230831623077
0.11326008290052414
0.03311314433813095
-0.01623561792075634
0.07839083671569824
-0.018899191170930862
0.24020062386989594
0.01692272536456585
-0.08720078319311142
-0.1422855108976364
0.12279945611953735
-0.16055715084075928
-0.03135407343506813
0.08595340698957443
-0.09743756055831909
-0.1701238751411438
-0.3339255452156067
0.03598584234714508
0.4188022017478943
0.12946319580078125
-0.17059892416000366
0.025307804346084595
-0.0937686339020729
-0.04862438142299652
0.1567973494529724
0.15704715251922607
-0.07213596999645233
-0.0120425159111619
-0.09393848478794098
-0.020308908075094223
0.21217820048332214
-0.035386815667152405
-0.025608718395233154
0.1990261971950531
-0.026927238330245018
0.03421582654118538
-0.05484462529420853
-0.006162206642329693
-0.0796981006860733
0.07324647903442383
-0.015239935368299484
-0.03014199249446392
0.021639443933963776
-0.07873627543449402
0.01148049533367157
0.11057925969362259
-0.22417095303535461
0.08311541378498077
-0.0018580325413495302
0.00686237309128046
0.021207422018051147
0.11846966296434402
-0.15552693605422974
-0.051719967275857925
0.13522987067699432
-0.24993334710597992
0.2326362133026123
0.2612267732620239
0.04703466594219208
0.08231770992279053
0.11565157771110535
0.11709970235824585
-0.008356134407222271
0.03316161781549454
-0.14999288320541382
0.01714320480823517
0.0498446449637413
-0.08748603612184525
0.08884468674659729
0.0508083775639534
