-0.12748678028583527
0.12607553601264954
0.057548318058252335
-0.06959234178066254
-0.12367689609527588
-0.04508358985185623
-0.01911381259560585
-0.1260884702205658
0.17210936546325684
-0.12077600508928299
0.11857523769140244
0.0141663309186697
-0.1867280900478363
0.03698477894067764
-0.08974990993738174
0.14679720997810364
-0.10493534058332443
-0.22538509964942932
-0.10040703415870667
-0.07222715020179749
-0.000731525244191289
-0.03347158804535866
-0.007886023260653019
0.10095354169607162
-0.18910357356071472
-0.2567998170852661
-0.11024856567382812
-0.12964652478694916
0.02651023678481579
-0.05022210255265236
0.015380719676613808
-0.01709088869392872
-0.2093513309955597
-0.037921588867902756
0.01527554914355278
0.036071158945560455
0.02588432841002941
-0.040857311338186264
0.2417987883090973
0.002820463851094246
-0.25996842980384827
-0.011302580125629902
0.12215287983417511
0.2949522137641907
0.2123078852891922
0.039669111371040344
0.07524333894252777
-0.10751111805438995
0.16521304845809937
-0.25528040528297424
0.05041908472776413
0.14311784505844116
0.01023035030812025
0.0775672048330307
0.07092362642288208
-0.14364458620548248
0.09605439752340317
0.1111777126789093
-0.22168473899364471
0.07382331043481827
0.11185988783836365
-0.02268291264772415
-0.06115320324897766
-0.05188114941120148
0.2766548991203308
0.0662083700299263
-0.13720209896564484
-0.1262265294790268
0.2583741545677185
-0.2348479926586151
-0.007311172783374786
0.09523996710777283
-0.09032519161701202
-0.15738660097122192
-0.28823122382164
0.017971429973840714
0.5173842310905457
0.2442510426044464
-0.09222286939620972
0.1215948686003685
-0.12736336886882782
-0.03595362976193428
0.022867288440465927
0.10203570872545242
-0.06891307234764099
0.06073860824108124
-0.05333429574966431
0.06240183860063553
0.25515034794807434
0.05789791792631149
0.04809704050421715
0.21705575287342072
0.045692503452301025
-0.035815685987472534
0.01366301067173481
0.1280856877565384
-0.18942791223526
-0.05491986125707626
-0.13258343935012817
-0.002564363181591034
-0.00800374150276184
-0.0042180754244327545
0.04808896407485008
0.1339636594057083
-0.22638697922229767
0.20808041095733643
-0.058505505323410034
-0.030924435704946518
-0.10272039473056793
0.052220989018678665
-0.026379454880952835
-0.025042548775672913
0.1383862942457199
-0.22562438249588013
0.1312769204378128
0.13977712392807007
-0.006923205219209194
0.08715594559907913
0.06888872385025024
0.055875200778245926
-0.007707148790359497
-0.03213558346033096
-0.1886557638645172
-0.1064196303486824
0.020414473488926888
-0.15415647625923157
0.12112623453140259
0.07008126378059387
