-0.2012232542037964
0.10005496442317963
0.017789781093597412
-0.1410617232322693
-0.08291268348693848
-0.07261232286691666
-0.04332728683948517
-0.016330629587173462
0.16961638629436493
-0.07264971733093262
0.20646609365940094
-0.04476451128721237
-0.21056951582431793
-0.041601527482271194
-0.011295641772449017
0.07877026498317719
-0.17880146205425262
-0.10219704359769821
-0.015222643502056599
-0.11356541514396667
0.054485488682985306
0.08090095221996307
0.011583879590034485
0.054809875786304474
-0.11672300845384598
-0.36722293496131897
-0.08280965685844421
-0.17332473397254944
0.050298064947128296
-0.031958483159542084
0.05245807766914368
0.04054221510887146
-0.14735887944698334
-0.07117394357919693
0.03892728313803673
0.10201558470726013
0.024237366393208504
0.04356275126338005
0.185633584856987
0.05132472887635231
-0.0893290787935257
-0.004939578473567963
0.004553891718387604
0.33721065521240234
0.15936951339244843
0.1020665094256401
0.028738584369421005
-0.10222922265529633
0.16203783452510834
-0.21288061141967773
0.08224450051784515
0.13972747325897217
0.06687711924314499
0.009189135394990444
0.13572372496128082
-0.1193620041012764
0.10073930025100708
0.10821408033370972
-0.2772620916366577
0.10238268226385117
0.07725472003221512
-0.028078202158212662
-0.0232535433024168
-0.04071655869483948
0.25249892473220825
0.04680538922548294
-0.09790655225515366
-0.1351587027311325
0.1750587522983551
-0.13836130499839783
-0.06148142367601395
0.11210133135318756
-0.11598341912031174
-0.13696074485778809
-0.2729708254337311
0.06035122275352478
0.38811954855918884
0.17783807218074799
-0.13499456644058228
0.053532540798187256
-0.08547402173280716
-0.05828826129436493
0.10678400844335556
0.012863441370427608
-0.12912794947624207
-0.04427964240312576
-0.13335394859313965
0.010451028123497963
0.1652693748474121
0.04166540503501892
-0.05266483873128891
0.1969461739063263
0.003848792053759098
0.0756344422698021
0.046739112585783005
0.041660625487565994
-0.19419819116592407
-0.041523560881614685
-0.12621034681797028
-0.08388426899909973
0.06318165361881256
-0.08807540684938431
-0.020633650943636894
0.12694349884986877
-0.21621792018413544
0.1595873236656189
-0.07377540320158005
-0.03878115490078926
-0.10888542979955673
0.012081578373908997
-0.06234925612807274
0.0236066784709692
0.15960519015789032
-0.21031637489795685
0.17575779557228088
0.16265806555747986
0.06183439493179321
0.162515789270401
0.07283004373311996
-0.035051655024290085
-0.0569404698908329
-0.028171837329864502
-0.18312640488147736
-0.0858093723654747
0.018348049372434616
-0.01878739893436432
0.09956773370504379
0.04058840498328209
