-0.19602148234844208
0.05465969815850258
0.06465812772512436
-0.06321325153112411
-0.007042204029858112
0.05212527886033058
-0.06444233655929565
-0.024194929748773575
0.1770617812871933
-0.15780259668827057
0.24259890615940094
0.0478607639670372
-0.08421548455953598
-0.1599041223526001
0.020860876888036728
0.09783943742513657
-0.12350728362798691
-0.16482317447662354
-0.12019175291061401
-0.10137921571731567
-0.02959481067955494
0.006397193297743797
0.024359796196222305
-0.03265763819217682
-0.22276456654071808
-0.3817003667354584
-0.04676652327179909
-0.1470308005809784
0.07088182121515274
-0.05201052129268646
-0.013340024277567863
-0.03210208937525749
-0.21432289481163025
-0.026821263134479523
-0.005355702713131905
0.14381957054138184
-0.026012811809778214
0.036726921796798706
0.19319823384284973
0.0009529199451208115
-0.1406722366809845
0.056854814291000366
0.027785642072558403
0.29100677371025085
0.2050035446882248
0.0222497396171093
0.025525834411382675
-0.08322258293628693
0.16833898425102234
-0.20314668118953705
0.13832813501358032
0.10701005160808563
0.12006450444459915
0.05657131224870682
0.15618836879730225
-0.027355680242180824
0.0167689248919487
0.0844486802816391
-0.16358217597007751
0.032046590000391006
-0.017481859773397446
0.044444739818573
-0.09675636142492294
-0.05319519340991974
0.24165372550487518
0.13687439262866974
-0.09281178563833237
-0.185038223862648
0.1869858205318451
-0.09800569713115692
-0.007136814296245575
0.10964749753475189
-0.10528454184532166
-0.11943380534648895
-0.26970985531806946
0.08796006441116333
0.45874661207199097
0.13467498123645782
-0.1527397781610489
0.09416641294956207
-0.11007071286439896
-0.10692600905895233
0.04622839391231537
0.06311752647161484
-0.09619587659835815
0.022956931963562965
0.004051301162689924
0.09548555314540863
0.18438750505447388
0.046094655990600586
-0.052896685898303986
0.11178290843963623
0.02790667675435543
0.02479708567261696
0.0311741940677166
-0.01904522441327572
-0.12242208421230316
-0.009149235673248768
-0.12761105597019196
-0.08859457820653915
0.06513895839452744
0.014594551175832748
0.04714111238718033
0.0901738852262497
-0.1733863353729248
0.20904949307441711
0.01072405744343996
0.0015326198190450668
0.08616913855075836
0.11416050046682358
-0.051509760320186615
-0.057831086218357086
0.08524191379547119
-0.27054697275161743
0.16453740000724792
0.10670648515224457
0.044867366552352905
0.13097399473190308
0.11333844065666199
0.03917799890041351
0.0065682679414749146
0.10600562393665314
-0.1798441857099533
-0.04071124270558357
-0.010103770531713963
-0.02169838361442089
0.09991501271724701
0.0640873908996582
