-0.1539689153432846
0.0684756338596344
0.03839711472392082
-0.1191503182053566
-0.011604785919189453
0.06712429225444794
-0.06544864177703857
0.019314151257276535
0.18243476748466492
-0.11337695270776749
0.29971179366111755
0.04609070345759392
-0.11945067346096039
-0.160573348402977
0.0529014989733696
0.08831200003623962
-0.1345451921224594
-0.12015083432197571
-0.09959480166435242
-0.06979686766862869
0.007060394622385502
0.08443764597177505
0.010246547870337963
-0.0085891243070364
-0.20535515248775482
-0.36198195815086365
-0.08363553136587143
-0.1376306116580963
0.0642593652009964
-0.11139466613531113
-0.019735023379325867
-0.02493284083902836
-0.15656425058841705
-0.0346987284719944
0.034227997064590454
0.1102510541677475
-0.03780031204223633
-0.020712822675704956
0.2100699245929718
0.02545853704214096
-0.12536917626857758
0.012121710926294327
0.07265537977218628
0.31837424635887146
0.1875850260257721
0.01719636097550392
0.05024956166744232
-0.08946403115987778
0.17172397673130035
-0.2233651727437973
0.13965877890586853
0.12164675444364548
0.12179935723543167
0.06326217949390411
0.16627423465251923
-0.04211438074707985
-0.01388552226126194
0.12030035257339478
-0.18296530842781067
0.05146469548344612
-0.0038897013291716576
0.03881852328777313
-0.0981714278459549
-0.09441161900758743
0.2560330331325531
0.14212042093276978
-0.13309308886528015
-0.22917170822620392
0.15823876857757568
-0.08267069607973099
-0.08483200520277023
0.14200615882873535
-0.14302241802215576
-0.1353963017463684
-0.2672464847564697
0.08979406207799911
0.42976972460746765
0.10863544791936874
-0.1617279201745987
0.09626568853855133
-0.10003828257322311
-0.1303788125514984
0.04101525619626045
0.08214608579874039
-0.05598809942603111
0.003949001431465149
-0.01743335649371147
0.1006564050912857
0.226128488779068
-0.0022660791873931885
-0.03934796154499054
0.10278839617967606
0.01874437928199768
0.03835812211036682
0.019051443785429
0.023829398676753044
-0.11569289863109589
0.008103735744953156
-0.11610929667949677
-0.04457391798496246
0.06643632799386978
0.0060104792937636375
0.02505144476890564
0.11732301115989685
-0.16327540576457977
0.22143231332302094
0.031934045255184174
-0.04528368264436722
0.056088171899318695
0.04519902542233467
-0.060915298759937286
-0.03396644815802574
0.10036905109882355
-0.29973283410072327
0.17409271001815796
0.0756247416138649
0.061435241252183914
0.13114693760871887
0.08000285178422928
0.06803612411022186
0.011326608248054981
0.06766019761562347
-0.1911231279373169
-0.05601058900356293
-0.0020567281171679497
0.0035760533064603806
0.08417648077011108
0.021684924140572548
