-0.1363755315542221
0.11330287158489227
0.11715935170650482
0.005250540561974049
-0.04223122075200081
-0.03131979703903198
-0.0011263806372880936
-0.08054948598146439
0.15813127160072327
-0.09016993641853333
0.25644585490226746
0.003576747141778469
-0.1385599672794342
-0.11305452138185501
-0.010937366634607315
0.1517370194196701
-0.18779169023036957
-0.13570472598075867
-0.10630548000335693
-0.010978750884532928
0.09533582627773285
-0.0564618818461895
0.015642907470464706
0.017592228949069977
-0.12007952481508255
-0.355893611907959
-0.06238722801208496
-0.11180835217237473
0.10836304724216461
-0.03441501408815384
-0.035160407423973083
-0.06599754095077515
-0.23856866359710693
-0.06126128137111664
-0.06812340021133423
0.004176458343863487
-0.012789222411811352
-0.03292936086654663
0.14415369927883148
-0.00154183991253376
-0.22982557117938995
0.03423432260751724
-0.009096534922719002
0.17295558750629425
0.2428458333015442
0.08203606307506561
0.056409794837236404
-0.12371832132339478
0.03462916612625122
-0.23028074204921722
0.05921938270330429
0.11656194180250168
0.11158846318721771
0.06414833664894104
0.09077383577823639
-0.1844450831413269
-0.011779841035604477
0.03683532401919365
-0.1043081060051918
0.07683968544006348
-0.005054442211985588
0.015297556295990944
0.024856477975845337
-0.03486548364162445
0.19457747042179108
0.06777182221412659
-0.07818544656038284
-0.12735947966575623
0.1349424570798874
-0.14344769716262817
-0.024125438183546066
0.09768156707286835
-0.08310821652412415
-0.19952638447284698
-0.31395164132118225
0.048375483602285385
0.4828060269355774
0.1604909598827362
-0.22331377863883972
-0.003476247191429138
-0.13164758682250977
-0.03461645543575287
0.11241262406110764
0.08335410058498383
-0.06958596408367157
-0.008943675085902214
-0.10521867871284485
0.00259971059858799
0.18475311994552612
-0.022967224940657616
-0.037495121359825134
0.20894601941108704
-0.02815859764814377
0.023074904456734657
-0.02550467848777771
0.021038545295596123
-0.07838268578052521
0.07919848710298538
-0.06552651524543762
-0.07634443044662476
0.07273726910352707
-0.027795713394880295
0.008162537589669228
0.08824461698532104
-0.17698194086551666
0.08862484246492386
-0.013070851564407349
0.016975069418549538
0.024191301316022873
0.06909137219190598
-0.11131519079208374
-0.02880917116999626
0.13107217848300934
-0.19982966780662537
0.24207188189029694
0.24562597274780273
-0.012090100906789303
0.11472971737384796
0.12626340985298157
0.08471605181694031
-0.002341638319194317
0.009913042187690735
-0.13556858897209167
-0.006401392165571451
0.028199899941682816
-0.061076585203409195
0.08769362419843674
0.033885255455970764
