-0.10055702179670334
0.09284119307994843
0.12219767272472382
0.0038400290068238974
-0.0681130662560463
-0.005529237445443869
-0.010594768449664116
-0.05045606940984726
0.13097746670246124
-0.10275384783744812
0.24393415451049805
-0.0472271665930748
-0.15420900285243988
-0.09300985187292099
-0.030148275196552277
0.19627974927425385
-0.18090075254440308
-0.13522545993328094
-0.07913587987422943
-0.055491071194410324
0.08213300257921219
-0.045583147555589676
-0.009640597738325596
0.0031445599161088467
-0.15259148180484772
-0.36927804350852966
-0.0371650867164135
-0.10925370454788208
0.08611680567264557
-0.05206949636340141
-0.04941146820783615
-0.02875456213951111
-0.20743849873542786
-0.019382163882255554
-0.043276347219944
0.001356016844511032
0.03053904138505459
0.0012721335515379906
0.12850555777549744
0.013709640130400658
-0.22539959847927094
0.06621406227350235
-0.0016164090484380722
0.19991019368171692
0.2426517754793167
0.09863992035388947
0.049861229956150055
-0.1087297573685646
0.041487302631139755
-0.22788113355636597
0.04331183433532715
0.09171920269727707
0.09983498603105545
0.041426047682762146
0.07234730571508408
-0.14999720454216003
-0.0199054554104805
0.013965310528874397
-0.11379947513341904
0.08064211905002594
0.014881066977977753
-0.01029069721698761
0.05142801254987717
-0.04148686304688454
0.21095648407936096
0.03364929184317589
-0.08442220091819763
-0.1188315898180008
0.1071111410856247
-0.17667663097381592
-0.023841414600610733
0.05238697677850723
-0.06390364468097687
-0.15327061712741852
-0.3467254936695099
0.03139808773994446
0.4955213963985443
0.15895912051200867
-0.2376881241798401
0.007507852278649807
-0.09852539002895355
-0.029887225478887558
0.14744092524051666
0.08726374059915543
-0.07162357866764069
-0.020466554909944534
-0.09906881302595139
-0.012524699792265892
0.21271108090877533
-0.0416262112557888
-0.029179498553276062
0.19925203919410706
-0.04247889295220375
0.03575432673096657
-0.027524005621671677
0.019880006089806557
-0.10952022671699524
0.061728283762931824
-0.017467709258198738
-0.07139070332050323
0.02336491458117962
-0.059000320732593536
0.031051313504576683
0.10076719522476196
-0.20453108847141266
0.11191660165786743
-0.058794718235731125
0.021617140620946884
0.019944490864872932
0.13489021360874176
-0.09625637531280518
-0.04535329341888428
0.13247892260551453
-0.20638777315616608
0.19047285616397858
0.2646266520023346
-0.01181215513497591
0.10634056478738785
0.11707735806703568
0.09168348461389542
-0.02627073973417282
0.05008861422538757
-0.11763884872198105
-0.021310215815901756
0.00551169877871871
-0.08554451167583466
0.10743500292301178
0.04852118715643883
