-0.04735060781240463
0.07577414810657501
0.03736322745680809
-0.03494283929467201
-0.008968975394964218
0.015438980422914028
-0.0257212296128273
-0.05988321453332901
0.17717145383358002
-0.16946941614151
0.24104130268096924
-0.03895023465156555
-0.14998085796833038
-0.016873721033334732
-0.0205095037817955
0.1659092903137207
-0.1292514055967331
-0.12568917870521545
-0.06257084757089615
-0.01146092638373375
0.0014542143326252699
-0.0796424075961113
-0.05930265411734581
0.03370925784111023
-0.11508959531784058
-0.3269938826560974
-0.09464846551418304
-0.09823600202798843
0.049327604472637177
-0.11076507717370987
-0.027861781418323517
0.06272274255752563
-0.11039906740188599
0.03473982959985733
-0.028256535530090332
0.03449203073978424
-0.03710455447435379
-0.0016785524785518646
0.22176827490329742
-0.0012466385960578918
-0.21127654612064362
-0.007566243410110474
0.032311081886291504
0.2814931571483612
0.22174449265003204
0.030529480427503586
0.004976000636816025
-0.09566155076026917
0.09476051479578018
-0.22676819562911987
0.05346938967704773
0.09171829372644424
0.1565711498260498
0.08734000474214554
0.031220098957419395
-0.10516069829463959
0.04581042751669884
0.012955913320183754
-0.21646618843078613
0.03134774789214134
0.054623689502477646
-0.08237220346927643
-0.058722030371427536
0.03034031204879284
0.26803767681121826
0.14965510368347168
-0.10690808296203613
-0.12927162647247314
0.2139091193675995
-0.18022987246513367
-0.016446081921458244
0.016855716705322266
-0.08323126286268234
-0.1917451173067093
-0.2707679867744446
0.025591250509023666
0.37398263812065125
0.18988686800003052
-0.20191863179206848
0.08470223844051361
-0.07209617644548416
-0.04018538445234299
0.13447725772857666
0.09377313405275345
-0.11018109321594238
-0.03404657170176506
-0.07382547855377197
0.02224356308579445
0.18682728707790375
-0.04545164108276367
-0.026987042278051376
0.12991566956043243
-0.010364754125475883
-0.008014218881726265
0.022184133529663086
0.03750085458159447
-0.10142700374126434
0.005006503313779831
-0.1628902405500412
-0.09170858561992645
0.058279868215322495
0.00028911884874105453
0.033927951008081436
0.15167826414108276
-0.19335301220417023
0.2115330547094345
0.001126488670706749
-0.019702032208442688
0.0801425576210022
0.10587011277675629
-0.08286543935537338
-0.09512732923030853
0.13178175687789917
-0.19350270926952362
0.11829066276550293
0.11338917911052704
0.023913150653243065
0.10407408326864243
0.11937084794044495
0.11789330095052719
-0.004725012928247452
-0.015194039791822433
-0.20034779608249664
-0.009700396098196507
0.04124470055103302
0.010480567812919617
0.08446283638477325
0.025475379079580307
