-0.16422593593597412
0.09704440087080002
0.06035537272691727
-0.052098289132118225
-0.08070560544729233
-0.03272433578968048
0.02110143005847931
0.06322705745697021
0.14104554057121277
-0.02031121402978897
0.13971468806266785
-0.0313754640519619
-0.20240505039691925
-0.03504669666290283
-0.067567378282547
0.11210152506828308
-0.13348741829395294
-0.13065393269062042
-0.0857907235622406
-0.1368800699710846
0.09527404606342316
0.06751278042793274
-0.028584809973835945
0.04729199409484863
-0.1794566810131073
-0.3176518678665161
-0.06667324900627136
-0.10372444242238998
0.022152593359351158
-0.06583445519208908
0.036169834434986115
0.03611890599131584
-0.11743159592151642
0.02278362400829792
0.017525559291243553
0.04789496585726738
-0.006242756731808186
-0.013799730688333511
0.2254323661327362
0.01687467098236084
-0.10619814693927765
-0.0027142707258462906
0.07758460938930511
0.37031033635139465
0.17600227892398834
0.02326143905520439
0.023108653724193573
-0.000697646290063858
0.13207431137561798
-0.292370080947876
0.07551553100347519
0.19735532999038696
0.040289122611284256
0.10359151661396027
0.1447342485189438
-0.04493115842342377
0.007344255223870277
0.13774092495441437
-0.177333265542984
0.085132896900177
-0.015050042420625687
-0.031780146062374115
-0.07402358204126358
-0.1423409879207611
0.14222337305545807
0.11011969298124313
-0.11082057654857635
-0.13819868862628937
0.08647431433200836
-0.24543093144893646
-0.0682772621512413
0.07228222489356995
-0.09482073038816452
-0.11367011815309525
-0.28557857871055603
0.0352802649140358
0.3902852237224579
0.21625591814517975
-0.1662319153547287
0.019951073452830315
-0.022565199062228203
-0.03962858393788338
0.13035748898983002
0.0026094536297023296
-0.1471298336982727
0.0176609568297863
-0.11486517637968063
0.07099635899066925
0.20879636704921722
0.006743023172020912
-0.04461880028247833
0.17108486592769623
0.07145340740680695
0.0030880020931363106
0.015100594609975815
0.02333061955869198
-0.08305147290229797
-0.06894169002771378
-0.10851631313562393
0.008731858804821968
0.039834607392549515
-0.09052807092666626
-0.019256383180618286
0.059063926339149475
-0.1684211641550064
0.1489723026752472
0.003074921667575836
-0.02248707041144371
-0.10808638483285904
0.061534907668828964
-0.14112108945846558
0.01939411647617817
0.15223035216331482
-0.1727401614189148
0.12889410555362701
0.15750715136528015
-0.03521151468157768
0.1172555610537529
0.04765208810567856
0.03465482220053673
-0.08390860259532928
-0.021038971841335297
-0.052104972302913666
-0.08500243723392487
0.023590311408042908
0.009420414455235004
0.07763545215129852
0.011048413813114166
