-0.09849128127098083
0.13832789659500122
0.10491149127483368
-0.04301072657108307
-0.042618099600076675
-0.031338728964328766
-0.022334076464176178
0.03879033401608467
0.1645057201385498
-0.0659940168261528
0.14168226718902588
0.03352612257003784
-0.18174928426742554
-0.02041817456483841
-0.08952253311872482
0.08736278861761093
-0.11655941605567932
-0.15429385006427765
-0.1122104823589325
-0.10399611294269562
0.06335558742284775
0.05165644735097885
-0.053584665060043335
0.040801145136356354
-0.12593871355056763
-0.33614349365234375
-0.06546477973461151
-0.09616262465715408
0.04219112545251846
-0.09059631824493408
0.054221801459789276
0.013204618357121944
-0.09429584443569183
0.01594420336186886
0.012811312451958656
0.06755950301885605
-0.021592391654849052
-0.021559756249189377
0.20898810029029846
0.01101791113615036
-0.1284058690071106
0.03474598005414009
0.05242367833852768
0.35828325152397156
0.18839098513126373
0.07528036087751389
0.02419743686914444
-0.004851222038269043
0.17034591734409332
-0.2678319811820984
0.11975552141666412
0.1925763040781021
0.07955731451511383
0.1278015375137329
0.1631232649087906
-0.10030457377433777
0.03652701899409294
0.1045432984828949
-0.18464285135269165
0.08077448606491089
-0.0012116171419620514
-0.04974803328514099
-0.03513679653406143
-0.07820387929677963
0.16070416569709778
0.1019611805677414
-0.11476671695709229
-0.11216610670089722
0.125663623213768
-0.24553443491458893
-0.05033356696367264
0.04771646112203598
-0.10665269941091537
-0.07407510280609131
-0.26504623889923096
0.0642571747303009
0.4274856448173523
0.22377990186214447
-0.13063237071037292
0.022048067301511765
-0.030864564701914787
-0.020255211740732193
0.08321201056241989
0.006233862601220608
-0.18021827936172485
-0.022560298442840576
-0.08845210075378418
0.0410083569586277
0.19774630665779114
0.07738728076219559
-0.09370841085910797
0.12848752737045288
0.029787398874759674
0.008055353537201881
0.018031511455774307
-0.016124043613672256
-0.10020709037780762
-0.06523708254098892
-0.11535300314426422
-0.0022540753707289696
0.01115705817937851
-0.07233911752700806
-0.03610435500741005
0.06975208222866058
-0.1615833193063736
0.1519109010696411
0.00036016153171658516
0.008782003074884415
-0.05056041479110718
0.13709355890750885
-0.1869964301586151
-0.00849229097366333
0.17060518264770508
-0.17301514744758606
0.20005181431770325
0.14683708548545837
0.03740011900663376
0.09953911602497101
0.09309371560811996
0.03658841550350189
-0.04214496910572052
-0.03284173458814621
-0.06917957216501236
-0.11684643477201462
0.02290455624461174
-0.0024883663281798363
0.11297214031219482
0.020624203607439995
