-0.14813601970672607
0.1562119871377945
0.05644122511148453
-0.03545432537794113
-0.05467425286769867
-0.009316541254520416
-0.008734023198485374
0.005285530351102352
0.1930963099002838
-0.07918506115674973
0.1551627665758133
0.02402021922171116
-0.20390433073043823
-0.04993637651205063
-0.1032382994890213
0.1418156772851944
-0.1482640504837036
-0.16189251840114594
-0.11160650849342346
-0.1114923357963562
0.054690781980752945
0.05236602574586868
-0.00037650088779628277
0.06461986154317856
-0.12931588292121887
-0.3480471968650818
-0.033000871539115906
-0.11073245108127594
0.019869260489940643
-0.08471869677305222
0.05121063441038132
0.032047342509031296
-0.13560783863067627
0.007521513849496841
-0.012684809975326061
0.05656401813030243
0.010152136906981468
-7.170811295509338e-05
0.19548553228378296
0.018398694694042206
-0.12317608296871185
-0.025996100157499313
0.07780534029006958
0.357521653175354
0.1889190822839737
0.04694109037518501
0.01066802442073822
0.010180199518799782
0.11933048069477081
-0.24260470271110535
0.05075439065694809
0.13935765624046326
0.07109592854976654
0.08968762308359146
0.13969707489013672
-0.09263051301240921
0.021009735763072968
0.08106561005115509
-0.1315430849790573
0.02736682817339897
-0.02308313176035881
-0.021082384511828423
-0.06185774877667427
-0.04482091963291168
0.19254858791828156
0.07424933463335037
-0.09265294671058655
-0.09010046720504761
0.11833442747592926
-0.20834709703922272
-0.03896092250943184
0.05959535017609596
-0.10244574397802353
-0.07266215980052948
-0.26606887578964233
0.013220386579632759
0.4456685185432434
0.18162992596626282
-0.12661519646644592
0.009791447781026363
-0.03763744607567787
-0.02244706079363823
0.08835703134536743
-0.004713529720902443
-0.1694735884666443
-0.00547541119158268
-0.11537392437458038
0.06353384256362915
0.1884727030992508
0.06225729361176491
-0.08976700156927109
0.13071221113204956
0.04613388329744339
-0.014630096033215523
0.016950111836194992
-0.007743163034319878
-0.08086621761322021
-0.04508151486515999
-0.13621987402439117
-0.034923065453767776
0.021813977509737015
-0.0347544327378273
-0.03700472414493561
0.0539400577545166
-0.15936103463172913
0.09367673099040985
0.036460474133491516
-0.0014000767841935158
-0.04297133907675743
0.15331527590751648
-0.1833975613117218
-0.03191172704100609
0.1428944319486618
-0.1492334008216858
0.14521443843841553
0.1582239419221878
-0.004906550515443087
0.10210669040679932
0.07591626048088074
0.033706776797771454
-0.055425357073545456
-0.010837646201252937
-0.04735756665468216
-0.1127578616142273
0.04453018307685852
-0.012151925824582577
0.12367399036884308
0.00322047621011734
