-0.09801564365625381
0.10519306361675262
0.1014445498585701
-0.03371083363890648
-0.007021811790764332
-0.06408750265836716
0.02223295345902443
0.004096382297575474
0.17926885187625885
-0.0814133808016777
0.10880934447050095
-0.010511723347008228
-0.20309633016586304
-0.028339838609099388
-0.05277852714061737
0.06362053006887436
-0.10633291304111481
-0.16477833688259125
-0.11323364078998566
-0.10698091983795166
0.06485798209905624
0.05287709832191467
-0.04061855748295784
0.03421340882778168
-0.14336064457893372
-0.3285907804965973
-0.06198248267173767
-0.09378879517316818
0.012989234179258347
-0.09706292301416397
0.05631129816174507
0.054476507008075714
-0.12159764766693115
-0.029015041887760162
-0.0001948624849319458
0.052578218281269073
-0.018506202846765518
-0.0034691691398620605
0.20310641825199127
-0.003616803325712681
-0.14418388903141022
-0.03551403805613518
0.05072789639234543
0.3613344728946686
0.22675293684005737
0.07674435526132584
-0.023178575560450554
0.010408258065581322
0.13732106983661652
-0.27625399827957153
0.04862068593502045
0.16407549381256104
0.05818028002977371
0.10615842789411545
0.16103070974349976
-0.07676897943019867
0.02056322991847992
0.05032338947057724
-0.1971033811569214
0.06574009358882904
0.003558109514415264
-0.0861521065235138
-0.037238478660583496
-0.07438012957572937
0.14670877158641815
0.0526597797870636
-0.10976745188236237
-0.07947386801242828
0.11357004940509796
-0.28014978766441345
-0.04023599624633789
0.06410740315914154
-0.0713118389248848
-0.1063770055770874
-0.2607067823410034
0.004293886944651604
0.4017287790775299
0.20986025035381317
-0.13992631435394287
0.022043222561478615
-0.010046824812889099
-0.02765580080449581
0.13325366377830505
0.009498131461441517
-0.13398949801921844
0.02045568637549877
-0.08280386030673981
0.045228488743305206
0.19681547582149506
0.06174630671739578
-0.11035647243261337
0.12720738351345062
-0.007330840453505516
-0.007977055385708809
0.03944583237171173
-0.002450105734169483
-0.0867697224020958
-0.03723032772541046
-0.15605372190475464
0.003039277158677578
0.04438415914773941
-0.05144297704100609
-0.02048797532916069
0.07317044585943222
-0.11748389899730682
0.16255727410316467
0.00797236431390047
0.007450530305504799
-0.05891206115484238
0.08367595076560974
-0.1941499561071396
-0.006584350951015949
0.16834302246570587
-0.17459778487682343
0.14917497336864471
0.14607825875282288
-0.039536040276288986
0.09625551849603653
0.04920486733317375
0.023076165467500687
-0.045878663659095764
-0.007689125835895538
-0.0851026102900505
-0.12503382563591003
0.037329282611608505
0.010808262042701244
0.14980046451091766
-0.014503765851259232
